Траекторія:
t0 = 0.325	, x0 =-11.74111	, y0 =8.50852
t1 = 0.358	, x1 =-11.64891	, y1 =8.55332
t2 = 0.390	, x2 =-11.54792	, y2 =8.60676
t3 = 0.423	, x3 =-11.43816	, y3 =8.66946
t4 = 0.455	, x4 =-11.31962	, y4 =8.74202
t5 = 0.488	, x5 =-11.19229	, y5 =8.82498
t6 = 0.520	, x6 =-11.05618	, y6 =8.91883
t7 = 0.553	, x7 =-10.91130	, y7 =9.02400
t8 = 0.585	, x8 =-10.75763	, y8 =9.14085
t9 = 0.618	, x9 =-10.59518	, y9 =9.26969
t10 = 0.650	, x10 =-10.42395	, y10 =9.41076
t11 = 0.683	, x11 =-10.24393	, y11 =9.56425
t12 = 0.715	, x12 =-10.05514	, y12 =9.73028
t13 = 0.748	, x13 =-9.85757	, y13 =9.90893
t14 = 0.780	, x14 =-9.65121	, y14 =10.10019
t15 = 0.813	, x15 =-9.43608	, y15 =10.30406
t16 = 0.845	, x16 =-9.21216	, y16 =10.52044
t17 = 0.878	, x17 =-8.97946	, y17 =10.74924
t18 = 0.910	, x18 =-8.73798	, y18 =10.99030
t19 = 0.943	, x19 =-8.48772	, y19 =11.24346
t20 = 0.975	, x20 =-8.22868	, y20 =11.50852

Координата	 x1 = -1.07832
Координата	 y1 = 0.97351
Складова	 Vx = 0.55900
Складова	 Vy = 0.46871
Швидкість	 V = 0.72950
Складова	 Wx = 0.86000
Складова	 Wy = 1.21653
Прискорення	 W = 1.48981
Складова	 Wt = 1.44063
Складова	 Wn = 0.37963
Р. кривини	 Ro = 1.40180
