Траекторія:
t0 = 0.315	, x0 =-12.75831	, y0 =9.21158
t1 = 0.347	, x1 =-12.66440	, y1 =9.25588
t2 = 0.378	, x2 =-12.56155	, y2 =9.30874
t3 = 0.410	, x3 =-12.44976	, y3 =9.37081
t4 = 0.441	, x4 =-12.32902	, y4 =9.44268
t5 = 0.473	, x5 =-12.19934	, y5 =9.52491
t6 = 0.504	, x6 =-12.06072	, y6 =9.61801
t7 = 0.536	, x7 =-11.91316	, y7 =9.72243
t8 = 0.567	, x8 =-11.75665	, y8 =9.83857
t9 = 0.599	, x9 =-11.59119	, y9 =9.96675
t10 = 0.630	, x10 =-11.41680	, y10 =10.10725
t11 = 0.662	, x11 =-11.23346	, y11 =10.26029
t12 = 0.693	, x12 =-11.04117	, y12 =10.42603
t13 = 0.725	, x13 =-10.83995	, y13 =10.60457
t14 = 0.756	, x14 =-10.62978	, y14 =10.79596
t15 = 0.788	, x15 =-10.41066	, y15 =11.00022
t16 = 0.819	, x16 =-10.18261	, y16 =11.21728
t17 = 0.851	, x17 =-9.94561	, y17 =11.44708
t18 = 0.882	, x18 =-9.69966	, y18 =11.68950
t19 = 0.914	, x19 =-9.44477	, y19 =11.94439
t20 = 0.945	, x20 =-9.18094	, y20 =12.21158

Координата	 x1 = -1.08933
Координата	 y1 = 0.96438
Складова	 Vx = 0.54180
Складова	 Vy = 0.44448
Швидкість	 V = 0.70079
Складова	 Wx = 0.86000
Складова	 Wy = 1.20620
Прискорення	 W = 1.48139
Складова	 Wt = 1.42992
Складова	 Wn = 0.38708
Р. кривини	 Ro = 1.26877
